function x = pop

x=[
	0,0,0;
	0,0,3;
	0,0,6;
	0,0,9;
	0,0,12;
	0,0,15;
	0,0,18;
	0,0,21;
	0,0,24;
	0,0,27;
	0,0,30;
	0,0,33;
	0,0,36;
	0,0,39;
	0,0,42;
	0,0,45;
	0,0,48;
	0,0,51;
	0,0,54;
	0,0,57;
	0,0,60;
	0,0,63;
	0,0,66;
	0,0,69;
	0,0,72;
	0,0,75;
	0,0,78;
	0,0,81;
	0,0,84;
	0,0,87;
	0,0,90;
	0,0,93;
	0,0,96;
	0,0,99;
	0,0,102;
	0,0,105;
	0,0,108;
	0,0,111;
	0,0,114;
	0,0,117;
	0,0,120;
	0,0,123;
	0,0,126;
	0,0,129;
	0,0,132;
	0,0,135;
	0,0,138;
	0,0,141;
	0,0,144;
	0,0,147;
	0,0,150;
	0,0,153;
	0,0,156;
	0,0,159;
	0,0,162;
	0,0,165;
	0,0,168;
	0,0,171;
	0,0,174;
	0,0,177;
	0,0,180;
	0,0,183;
	0,0,186;
	0,0,189;
	1,0,191;
	5,2,190;
	9,4,189;
	13,6,188;
	17,8,187;
	21,10,186;
	25,12,185;
	29,14,184;
	33,16,183;
	37,18,182;
	41,20,181;
	45,22,179;
	49,24,178;
	53,26,177;
	57,28,176;
	61,30,175;
	65,32,174;
	69,33,173;
	73,35,172;
	77,37,171;
	81,39,170;
	85,41,169;
	89,43,168;
	93,45,167;
	97,47,165;
	101,49,164;
	105,51,163;
	109,53,162;
	113,55,161;
	117,57,160;
	121,59,159;
	125,61,158;
	129,63,157;
	133,64,156;
	137,66,155;
	141,68,154;
	145,70,153;
	149,72,151;
	153,74,150;
	157,76,149;
	161,78,148;
	165,80,147;
	170,82,146;
	174,84,145;
	178,86,144;
	182,88,143;
	186,90,142;
	190,92,141;
	194,94,140;
	198,96,139;
	202,97,137;
	206,99,136;
	210,101,135;
	214,103,134;
	218,105,133;
	222,107,132;
	226,109,131;
	230,111,130;
	234,113,129;
	238,115,128;
	242,117,127;
	246,119,126;
	250,121,124;
	254,123,123;
	254,125,123;
	250,127,125;
	246,129,126;
	242,131,127;
	238,133,128;
	234,135,129;
	230,137,130;
	226,139,131;
	222,141,132;
	218,143,134;
	214,145,135;
	210,147,136;
	206,149,137;
	202,151,138;
	198,154,139;
	194,156,140;
	190,158,141;
	186,160,143;
	182,162,144;
	178,164,145;
	174,166,146;
	170,168,147;
	166,170,148;
	161,172,149;
	157,174,150;
	153,176,152;
	149,178,153;
	145,180,154;
	141,182,155;
	137,184,156;
	133,186,157;
	129,189,158;
	125,191,160;
	121,193,161;
	117,195,162;
	113,197,163;
	109,199,164;
	105,201,165;
	101,203,166;
	97,205,167;
	93,207,169;
	89,209,170;
	85,211,171;
	81,213,172;
	77,215,173;
	73,217,174;
	69,219,175;
	65,222,176;
	61,224,178;
	57,226,179;
	53,228,180;
	49,230,181;
	45,232,182;
	41,234,183;
	37,236,184;
	33,238,185;
	29,240,187;
	25,242,188;
	21,244,189;
	17,246,190;
	13,248,191;
	9,250,192;
	5,252,193;
	1,254,194;
	3,255,195;
	7,255,196;
	11,255,197;
	15,255,198;
	19,255,199;
	23,255,200;
	27,255,201;
	31,255,202;
	35,255,203;
	39,255,204;
	43,255,205;
	47,255,206;
	51,255,207;
	55,255,208;
	59,255,209;
	63,255,210;
	67,255,211;
	71,255,212;
	75,255,212;
	79,255,213;
	83,255,214;
	87,255,215;
	91,255,216;
	95,255,217;
	99,255,218;
	103,255,219;
	107,255,220;
	111,255,221;
	115,255,222;
	119,255,223;
	123,255,224;
	127,255,225;
	131,255,226;
	135,255,227;
	139,255,228;
	143,255,229;
	147,255,229;
	151,255,230;
	155,255,231;
	159,255,232;
	163,255,233;
	167,255,234;
	171,255,235;
	175,255,236;
	179,255,237;
	183,255,238;
	187,255,239;
	191,255,240;
	195,255,241;
	199,255,242;
	203,255,243;
	207,255,244;
	211,255,245;
	215,255,246;
	219,255,246;
	223,255,247;
	227,255,248;
	231,255,249;
	235,255,250;
	239,255,251;
	243,255,252;
	247,255,253;
	251,255,254;
	255,255,255;
	];

x = x/255;
% x = flipud(x);
end